"Sample label [TARA_station#_environmental-feature_size-fraction]","INSDC sample accession number(s)","PANGAEA sample identifier","Station identifier [TARA_station#]","PANGAEA Sample ID","Mean_Date [YY/MM/DD hh:mm]*","Mean_Lat*","Mean_Long*","Mean_Depth [m]*","Mean_Temperature [deg C]*","Mean_Salinity [PSU]*","Mean_Oxygen [umol/kg]*","Mean_Nitrates[umol/L]*","NO2 [umol/L]**","PO4 [umol/L]**","NO2NO3 [umol/L]**","SI [umol/L]**","AMODIS:PAR8d,Einsteins/m-2/d-1","Okubo-Weiss","Lyapunov_exp.","grad_SST_adv","retention","Mean Depth MLD Sigma [m]*","Mean Depth Max Fluo [m]*","Mean Depth Max N2 [m]*","Mean Depth Max O2 [m]*","Mean Depth Min O2 [m]*","Mean Depth Nitracline [m]*","minimum generation time [h]"
"TARA_004_DCM_0.22-1.6","ERS487936","TARA_X000000368","TARA_004","TARA_B100000965","15/04/2011 13:10","-12.99","-95.99","57.6","20.6","35.5","216.8","1.5","0.16","0.78","5.7","1.9","41.8","-0.02","0.05","0.34","8.97","35","61","51","52","239","146","14"
"TARA_004_SRF_0.22-1.6","ERS487899","TARA_Y200000002","TARA_004","TARA_B100000959","16/04/2011 16:09","-12.93","-96.12","175.3","13","34.8","0.7","21.1","0.03","2.68","23.9","19.6","43.1","-0.02","0.05","0.34","8.97","35","61","51","52","239","146","26"
"TARA_007_DCM_0.22-1.6","ERS477953","TARA_A200000159","TARA_007","TARA_B100000963","15/04/2011 13:10","-12.99","-95.99","5.5","25.3","35.8","200.2","4.6","0.14","0.68","6.2","1.2","41.8","-0.02","0.05","0.34","8.97","35","61","51","52","239","146","14"
"TARA_007_SRF_0.22-1.6","ERS477931","TARA_A200000113","TARA_007","TARA_B100000902","22/04/2011 19:51","-5.27","-85.23","45.7","19.6","34.9","103.9","20.3","1.2","1.86","24.4","10.5","44.4","0","0.04","1.8","3.75","18","37","36","29","353","41","12"
"TARA_009_DCM_0.22-1.6","ERS488147","TARA_X000001036","TARA_009","TARA_B100000953","22/04/2011 14:16","-5.27","-85.22","475.6","9.2","34.7","4.4","40","0.01","2.85","39.2","40.6","44.4","0","0.04","1.8","3.75","18","37","36","29","353","41","27"
"TARA_009_SRF_0.22-1.6","ERS488119","TARA_X000000950","TARA_009","TARA_B100000900","21/04/2011 20:16","-5.25","-85.16","5.5","24.9","34.7","206","11.7","0.32","1","12.6","5","42.1","0","0.04","1.8","3.75","18","37","36","29","353","41","12"
"TARA_018_DCM_0.22-1.6","ERS488346","TARA_S200000501","TARA_018","TARA_R100001510","13/05/2011 0:00","2.08","-84.52","29.8","26.5","34.3","203.1","3.9","0.11","0.5","4.6","3.2","51.7","0.01","0.02","2.22","11.36","9","28","42","28","380","61","NA"
"TARA_018_DCM_<-0.22","ERS488354","TARA_A100000172","TARA_018","TARA_B100000927","13/05/2011 0:00","2.08","-84.52","29.8","26.5","34.3","203.1","3.9","0.11","0.5","4.6","3.2","51.7","0.01","0.02","2.22","11.36","9","28","42","28","380","61","13"
"TARA_018_SRF_0.22-1.6","ERS488330","TARA_A100000164","TARA_018","TARA_B100000929","13/05/2011 19:44","2.07","-84.54","376.4","11.3","34.8","2.5","33.9","0.02","2.58","35.3","36.3","51.7","0.01","0.02","2.22","11.36","9","28","42","28","380","61","18"
"TARA_018_SRF_<-0.22","ERS488340","TARA_A100000171","TARA_018","TARA_R100001509","12/05/2011 13:38","1.99","-84.58","5.4","27.6","33.4","198.6","1.2","0.04","0.27","0.9","1.7","51.5","0.01","0.02","2.22","11.36","9","28","42","28","380","61","NA"
"TARA_022_SRF_<-0.22","ERS488448","TARA_S200002703","TARA_022","TARA_B100000925","12/05/2011 13:38","1.99","-84.58","5.4","27.6","33.4","198.6","1.2","0.04","0.27","0.9","1.7","51.5","0.01","0.02","2.22","11.36","9","28","42","28","380","61","11"
"TARA_023_DCM_0.22-1.6","ERS477998","TARA_E500000081","TARA_023","TARA_B100001113","21/05/2011 23:21","-1.84","-84.63","48.7","21.8","35.1","144.6","10.9","0.41","0.93","10.7","6","46.5","0.02","0","0.43","7.03","22","41","81","29","347","253","10"
"TARA_023_DCM_<-0.22","ERS478007","TARA_X000001382","TARA_023","TARA_B100001079","22/05/2011 17:56","-1.87","-84.62","376.9","10.3","34.8","1.3","34.6","0","2.8","38.1","35","46.5","0.02","0","0.43","7.03","22","41","81","29","347","253","18"
"TARA_023_SRF_0.22-1.6","ERS477979","TARA_E500000075","TARA_023","TARA_B100001109","21/05/2011 12:37","-2.01","-84.59","5.5","23.9","35","190.8","6.7","0.31","0.75","8.2","3.9","47.2","0.02","0","0.43","7.03","22","41","81","29","347","253","13"
"TARA_025_DCM_0.22-1.6","ERS488509","TARA_E500000331","TARA_025","TARA_B100000579","31/05/2011 21:23","-16.96","-100.7","89","19.9","35.7","211.5","1.4","0.2","0.44","0.93","0.9","35.5","-0.05","0","1.04","69.36","67","83","80","29","301","248","12"
"TARA_025_DCM_<-0.22","ERS488518","TARA_E500000305","TARA_025","TARA_B100000586","01/06/2011 18:24","-16.96","-100.66","347.1","10.9","34.7","3.2","30.4","0.01","2.73","34.61","26","34.4","-0.05","0","1.04","69.36","67","83","80","29","301","248","18"
"TARA_025_SRF_0.22-1.6","ERS488486","TARA_E500000178","TARA_025","TARA_B100000575","31/05/2011 14:12","-16.96","-100.63","5.9","22.8","36","208.9","2.6","0.04","0.5","2.68","1","34.2","-0.05","0","1.04","69.36","67","83","80","29","301","248","13"
"TARA_025_SRF_<-0.22","ERS488499","TARA_E500000318","TARA_025","TARA_B100000945","15/06/2011 2:29","-23.19","-129.54","153.5","22.3","35.9","207.1","0.5","0","0.11","0.02","0.7","24.9","-0.06","0.03","0.44","17.22","131","159","155","162","532","431","14"
"TARA_030_DCM_0.22-1.6","ERS478040","TARA_A100001011","TARA_030","TARA_B100000949","15/06/2011 22:14","-23.2","-129.64","689.3","5.8","34.3","199.2","29.2","0.01","2.15","31.46","20.6","24.5","-0.06","0.03","0.44","17.22","131","159","155","162","532","431","18"
"TARA_030_DCM_<-0.22","ERS478052","TARA_X000001388","TARA_030","TARA_B100000941","14/06/2011 16:54","-23.28","-129.4","5.4","24.2","36.5","202.2","-0.9","0.01","0.14","0.03","0.8","27","-0.06","0.03","0.44","17.22","131","159","155","162","532","431","15"
"TARA_030_SRF_0.22-1.6","ERS478017","TARA_A100001015","TARA_030","TARA_Y100001973","28/07/2011 19:36","-8.98","-139.2","113.3","24.7","36.1","179.9","2.3","0.1","0.59","2.8","1.8","39.6","0","0.02","NA","8.42","71","99","107","29","232","203","NA"
"TARA_031_SRF_0.22-1.6","ERS488545","TARA_A100001388","TARA_031","TARA_Y100001970","28/07/2011 19:36","-8.98","-139.2","113.3","24.7","36.1","179.9","2.3","0.1","0.59","2.8","1.8","39.6","0","0.02","NA","8.42","71","99","107","29","232","203","NA"
"TARA_031_SRF_<-0.22","ERS488558","TARA_A100001391","TARA_031","TARA_B100000700","28/07/2011 19:36","-8.98","-139.2","113.3","24.7","36.1","179.9","2.3","0.1","0.59","2.8","1.8","39.6","0","0.02","NA","8.42","71","99","107","29","232","203","15"
"TARA_032_DCM_0.22-1.6","ERS488599","TARA_A100001037","TARA_032","TARA_Y100001968","28/07/2011 19:36","-8.98","-139.2","113.3","24.7","36.1","179.9","2.3","0.1","0.59","2.8","1.8","39.6","0","0.02","NA","8.42","71","99","107","29","232","203","NA"
"TARA_032_DCM_<-0.22","ERS488613","TARA_A100001518","TARA_032","TARA_Y100001951","27/07/2011 23:48","-8.99","-139.23","594.6","7.2","34.6","38.1","42.5","0.02","2.43","34.63","22.49","40.5","0","0.02","NA","8.42","71","99","107","29","232","203","NA"
"TARA_032_SRF_0.22-1.6","ERS488569","TARA_A100001035","TARA_032","TARA_Y100001949","27/07/2011 23:48","-8.99","-139.23","594.6","7.2","34.6","38.1","42.5","0.02","2.43","34.63","22.49","40.5","0","0.02","NA","8.42","71","99","107","29","232","203","NA"
"TARA_032_SRF_<-0.22","ERS488589","TARA_A100001515","TARA_032","TARA_B100000678","27/07/2011 23:48","-8.99","-139.23","594.6","7.2","34.6","38.1","42.5","0.02","2.43","34.63","22.49","40.5","0","0.02","NA","8.42","71","99","107","29","232","203","23"
"TARA_033_SRF_0.22-1.6","ERS488621","TARA_A100001234","TARA_033","TARA_Y100001947","27/07/2011 23:48","-8.99","-139.23","594.6","7.2","34.6","38.1","42.5","0.02","2.43","34.63","22.49","40.5","0","0.02","NA","8.42","71","99","107","29","232","203","NA"
"TARA_034_DCM_0.22-1.6","ERS488685","TARA_B100000029","TARA_034","TARA_Y100001972","26/07/2011 17:34","-8.99","-139.21","5.9","26.5","35.4","186.2","4","0.12","0.57","5.46","2.19","40.2","0","0.02","NA","8.42","71","99","107","29","232","203","NA"
